ISS (ZARYA)             
1 25544U 98067A   21276.89473315 -.00000550  00000-0 -18204-5 0  9990
2 25544  51.6447 165.2224 0003972  50.6918  52.2957 15.48913182305449
AEROCUBE 12A            
1 43556U 18046C   21276.80862477  .00006900  00000-0  22746-3 0  9991
2 43556  51.6411 346.9936 0007209 190.3860 169.6973 15.32572317179899
AEROCUBE 12B            
1 43557U 18046D   21276.68822522  .00005890  00000-0  20012-3 0  9996
2 43557  51.6413 349.8960 0007434 188.3489 171.7369 15.31874550179790
LEMUR-2-VU              
1 43558U 18046E   21276.86437627  .00009537  00000-0  28541-3 0  9992
2 43558  51.6408 337.1101 0006039 198.9807 161.0952 15.35198762180029
LEMUR-2-ALEXANDER       
1 43559U 18046F   21276.89680637  .00010089  00000-0  29863-3 0  9999
2 43559  51.6414 335.8503 0006040 199.2458 160.8298 15.35477131179822
LEMUR-2-YUASA           
1 43560U 18046G   21276.90095396  .00010484  00000-0  31290-3 0  9991
2 43560  51.6421 337.3512 0006258 214.2329 145.8250 15.35169005180028
LEMUR-2-TOMHENDERSON    
1 43561U 18046H   21276.87713649  .00008042  00000-0  24602-3 0  9992
2 43561  51.6410 338.6685 0006465 206.8414 153.2234 15.34731782179562
ISS DEB (SEDA-AP)       
1 43870U 98067PU  21276.76914088  .00012708  00000-0  13486-3 0  9996
2 43870  51.6338 103.6331 0002988  25.0403 335.0736 15.64482140158576
UNITE                   
1 44031U 98067PX  21276.69536060  .00329569  57266-4  61148-3 0  9992
2 44031  51.6336  59.3214 0006622 313.9113  46.1350 16.00527903152852
ISS DEB                 
1 44303U 98067QA  21276.88532280  .00019225  00000-0  22261-3 0  9993
2 44303  51.6370 127.1597 0003927 287.7111  72.3454 15.61850011133547
ISS DEB                 
1 44306U 98067QD  21276.85153747  .00020990  00000-0  23337-3 0  9996
2 44306  51.6357 126.0590 0004940 286.3952  73.6499 15.62832152133562
RAAVANA-1               
1 44329U 98067QE  21275.68501001  .04382427  12114-4  10133-2 0  9993
2 44329  51.6173  82.5337 0011342 297.1206  62.8659 16.28919678131203
UGUISU                  
1 44330U 98067QF  21276.66558317  .01377049  14423-2  99369-3 0  9999
2 44330  51.6167  79.2133 0011173 302.3109  57.6825 16.15379409131315
NEPALISAT-1             
1 44331U 98067QG  21276.62883248  .04661449  12168-4  92832-3 0  9997
2 44331  51.6158  77.4534 0011442 302.2343  57.7570 16.30483242131348
SPOOQY-1                
1 44332U 98067QH  21276.65708141  .00612680  19318-3  83678-3 0  9999
2 44332  51.6219  80.7814 0007151 313.2559  46.7855 16.05597788131266
RED-EYE 1 (PINOT)       
1 44364U 98067QJ  21276.85159917  .00016230  00000-0  18919-3 0  9997
2 44364  51.6377 128.4280 0005126 285.1314  74.9113 15.61809036129113
KRAKSAT                 
1 44427U 98067QM  21276.82006084  .00075661  00000-0  49826-3 0  9994
2 44427  51.6385 106.8884 0003118 253.0624 229.5944 15.74967699128505
VCC A                   
1 44428U 98067QN  21276.75957160  .00378546  70869-4  77713-3 0  9995
2 44428  51.6274  86.1901 0007637 289.0841  70.9341 15.98721195128776
VCC B                   
1 44431U 98067QR  21276.85938391  .00621237  19453-3  92131-3 0  9995
2 44431  51.6202  83.6724 0008994 292.4988  67.5071 16.04220688128752
RWASAT-1                
1 44790U 98067QV  21276.89659464  .00010739  00000-0  11951-3 0  9993
2 44790  51.6317 132.8890 0005580 345.0871 138.2907 15.63451728106397
AQT-D                   
1 44791U 98067QW  21276.88949692  .00029219  00000-0  31004-3 0  9992
2 44791  51.6363 133.2146 0004346 304.4737  55.5847 15.63824150106394
NARSSCUBE-1             
1 44792U 98067QX  21276.88916518  .00092436  00000-0  57056-3 0  9990
2 44792  51.6341 117.2682 0002512 283.9389  76.1331 15.76370818106607
STPSAT-4                
1 45043U 98067QY  21276.92666521  .00014725  00000-0  21271-3 0  9996
2 45043  51.6397 152.1508 0003971 321.7553  38.3157 15.56183447 95383
HARP                    
1 45256U 98067QZ  21276.91009302  .00032836  00000-0  35696-3 0  9998
2 45256  51.6408 140.1352 0004733 310.4008  49.6573 15.63140020 92217
1998-067RA              
1 45257U 98067RA  21276.86434135  .00026270  00000-0  30922-3 0  9991
2 45257  51.6367 142.7235 0004940 315.6873  44.3725 15.61207200 92175
PHOENIX                 
1 45258U 98067RB  21276.90696703  .00021475  00000-0  27221-3 0  9998
2 45258  51.6382 145.2575 0004218 292.5958  67.4589 15.59392695 92111
1998-067RC              
1 45259U 98067RC  21276.86863860  .00054420  00000-0  47768-3 0  9998
2 45259  51.6359 133.7362 0003577 300.0133  60.0508 15.68272940 92298
CRYOCUBE                
1 45260U 98067RD  21276.88344457  .00140841  00000-0  84041-3 0  9996
2 45260  51.6338 128.5286 0003857 270.6457  89.4101 15.76948841 92378
AZTECHSAT-1             
1 45261U 98067RE  21276.83857913  .00107559  00000-0  66725-3 0  9996
2 45261  51.6319 125.1887 0003753 281.7899  78.2680 15.76189235 92402
RADSAT-U                
1 45262U 98067RF  21276.84910722  .00029100  00000-0  33418-3 0  9994
2 45262  51.6403 141.9694 0003727 356.5020   3.5947 15.61795074 92198
QARMAN                  
1 45263U 98067RG  21276.92876515  .00054992  00000-0  48270-3 0  9994
2 45263  51.6355 134.1311 0003662 294.9679  65.0937 15.68268096 92321
SORTIE                  
1 45264U 98067RH  21276.88729139  .00014358  00000-0  20161-3 0  9990
2 45264  51.6411 149.6927 0005743 321.6756  38.3827 15.56972323 92081
ICS-EF (ISS DEB)        
1 45265U 98067RJ  21276.90504549  .00007713  00000-0  12605-3 0  9991
2 45265  51.6404 156.4919 0004219 321.8625  38.2066 15.53584417 91673
G-SAT                   
1 45597U 98067RK  21276.89674072  .00031925  00000-0  36684-3 0  9991
2 45597  51.6383 143.7254 0002394  31.1407 328.9729 15.61733072 81530
QUETZAL-1               
1 45598U 98067RL  21276.88112763  .00045909  00000-0  45655-3 0  9990
2 45598  51.6375 140.6099 0001088 125.1384 234.9714 15.65252147 81502
RED-EYE 2 (MERLOT)      
1 45800U 98067RM  21276.96283070  .00012114  00000-0  18367-3 0  9997
2 45800  51.6412 154.6741 0000474  35.4119 324.6903 15.55055678 73569
RED-EYE 3 (CABERNET)    
1 45809U 98067RN  21276.96264215  .00011959  00000-0  18126-3 0  9995
2 45809  51.6412 154.6736 0000408 351.4038   8.6946 15.55078819 72545
DEMI                    
1 45916U 98067RP  21276.91808959  .00041814  00000-0  44431-3 0  9999
2 45916  51.6390 143.8859 0002367 234.2544 125.8231 15.63614311 69672
SPOC                    
1 46921U 98067RR  21276.90378218  .00019970  00000-0  27717-3 0  9991
2 46921  51.6408 154.3055 0002712 131.1432 228.9794 15.57020789 51740
BOBCAT-1                
1 46922U 98067RS  21276.95138378  .00034280  00000-0  41720-3 0  9999
2 46922  51.6411 150.9023 0002642 146.9010 213.2149 15.60196005 51751
NEUTRON-1               
1 46923U 98067RT  21276.92825893  .00019932  00000-0  27804-3 0  9996
2 46923  51.6409 154.4656 0002679 140.5469 219.5718 15.56886818 51774
1998-067RU              
1 46924U 98067RU  21276.92117733  .00085051  00000-0  72886-3 0  9999
2 46924  51.6357 143.8708 0003885 189.7212 170.3710 15.68673755 51883
LEMUR-2-BAXTER-OLIVER   
1 46925U 98067RV  21276.90262566  .00094814  00000-0  73241-3 0  9996
2 46925  51.6413 142.3188 0003338 192.6708 167.4207 15.71134321 51860
LEMUR-2-DJARA           
1 46926U 98067RW  21276.93446448  .00075830  00000-0  66279-3 0  9993
2 46926  51.6409 144.0382 0002006 182.3333 177.7654 15.68244711 51863
DESCENT                 
1 46927U 98067RX  21276.93330609  .00020906  00000-0  29094-3 0  9993
2 46927  51.6405 154.4948 0002829 155.7954 204.3171 15.56916185 51688
ISS DEB                 
1 47853U 98067RZ  21276.20261024  .00003488  00000-0  68991-4 0  9992
2 47853  51.6430 167.5885 0003312 124.7040 235.4262 15.50030250 31970
RSP-01                  
1 47925U 98067SB  21275.97652297  .00026802  00000-0  40783-3 0  9994
2 47925  51.6418 165.3433 0002612  98.3149 261.8138 15.54323420 31488
TAUSAT-1                
1 47926U 98067SC  21276.85612753  .00029553  00000-0  42853-3 0  9992
2 47926  51.6405 159.9596 0003417  98.6698 261.4680 15.55586243 31629
TSURU                   
1 47927U 98067SD  21276.38582345  .00018824  00000-0  29314-3 0  9990
2 47927  51.6416 163.5764 0002618  95.8756 264.2533 15.53917250 31549
STARS-EC                
1 47928U 98067SE  21276.85281466  .00031839  00000-0  46586-3 0  9994
2 47928  51.6412 160.6856 0006229 152.8944 207.2373 15.55287169 31608
MMSATS-1                
1 47976U 98067SJ  21276.92939564  .00008758  00000-0  15639-3 0  9993
2 47976  51.6450 163.4175 0003434 128.2954 231.8348 15.50878659 30374
SOYUZ-MS 18             
1 48159U 21029A   21276.48886574  .00005914  00000-0  11575-3 0  9990
2 48159  51.6455 167.2248 0004114  53.9652 304.3802 15.48917523305378
CREW DRAGON 2           
1 48209U 21030A   21276.48886574  .00005914  00000-0  11575-3 0  9998
2 48209  51.6455 167.2248 0004114  53.9652 304.3802 15.48917523305374
TIANHE                  
1 48274U 21035A   21276.89523148  .00006006  00000-0  72249-4 0  9994
2 48274  41.4718 339.9771 0000666   3.0056 347.7275 15.61409512 24693
TIANZHOU-2              
1 48803U 21046A   21276.60418184  .00005898  00000-0  71027-4 0  9997
2 48803  41.4719 341.7500 0000691   1.5138 151.0730 15.61405462 24653
RAMSAT                  
1 48850U 98067SL  21276.11441579  .00016441  00000-0  28110-3 0  9996
2 48850  51.6422 167.7333 0004679 169.6680 190.4406 15.51407222 17213
SOAR                    
1 48851U 98067SM  21276.83894279  .00055449  00000-0  79274-3 0  9993
2 48851  51.6387 162.8127 0005700 169.0024 191.1093 15.55663999 17380
BD-28                   
1 48867U 98067SN  21276.87876295  .00015218  00000-0  25799-3 0  9995
2 48867  51.6417 163.8410 0003064 197.7072 162.3811 15.51718190 16083
MIR-SAT 1               
1 48868U 98067SP  21276.85677033  .00029472  00000-0  46932-3 0  9992
2 48868  51.6409 163.6937 0003785 167.9439 192.1643 15.53009563 16110
PROGRESS-MS 17          
1 48869U 21057A   21276.48886574  .00005914  00000-0  11575-3 0  9999
2 48869  51.6455 167.2248 0004114  53.9652 304.3802 15.48917523305376
ISS (NAUKA)             
1 49044U 21066A   21276.48886574  .00005914  00000-0  11575-3 0  9995
2 49044  51.6455 167.2248 0004114  53.9652 304.3802 15.48917523305372
CYGNUS NG-16            
1 49064U 21072A   21276.48886574  .00005914  00000-0  11575-3 0  9994
2 49064  51.6455 167.2248 0004114  53.9652 304.3802 15.48917523305374
DRAGON CRS-23 DEB       
1 49268U 21078B   21275.80146825  .00200653  24088-4  64921-3 0  9995
2 49268  51.6412 170.1372 0112476 171.6285 188.8560 15.80676264   283
